xs_hc0:1.003390
xs_hc1:1.081786
view_factor:1.000000
xs_tauf:0.927577
xs_taup:1.193628
xs_dqp:1.1792746
xs_dqf:0.841107