Best Score:1261.2440185546875
C:0.8852424246597618
Si:0.19780254674845862
Mn:0.49878075020649765
P:0.014691735881447874
S:0.007957716162330607
Cr:0.010562278608197013
Ni:0.009488220873830895
Cu:0.006840695679056041
ORT:854.199097847331
SPEED1:1.1983740652641963
SPEED2:1.34
SPEED3:1.4585554771813216
SPEED4:1.3090534894259993
SPEED5:0.5709718466377515
SPEED6:0.9699739983481744
SPEED7:0.4859436697820493
SPEED8:1.3466139000311483
SPEED9:1.364550540149363
SPEED10:1.4936181075137585
FAN1:88.73866657423018
FAN2:73.23061961043122
FAN3:41.75328548960378
FAN4:37.07076510720348
FAN5:56.13089780418697
FAN6:0.0