Best Score:1180.94091796875
C:0.82
Si:0.21
Mn:0.52
P:0.011
S:0.006
Cr:0.012
Ni:0.007
Cu:0.01
ORT:840.3046609603614
SPEED1:0.82
SPEED2:1.290692868407873
SPEED3:1.0028787147886014
SPEED4:1.0642105136121331
SPEED5:0.44187302382760435
SPEED6:1.4469144653659225
SPEED7:0.5963232686668416
SPEED8:0.7007383280234007
SPEED9:1.319480882562444
SPEED10:1.0325540246264184
FAN1:90.27342116133362
FAN2:74.7577530387878
FAN3:99.86772301270712
FAN4:0.0
FAN5:99.9043215599998
FAN6:56.37232591194924